{
 "cells": [
  {
   "cell_type": "markdown",
   "metadata": {},
   "source": [
    "# Predict heart disease project"
   ]
  },
  {
   "cell_type": "code",
   "execution_count": 1,
   "metadata": {
    "execution": {
     "iopub.execute_input": "2023-12-19T10:34:42.012185Z",
     "iopub.status.busy": "2023-12-19T10:34:42.011873Z",
     "iopub.status.idle": "2023-12-19T10:34:42.040430Z",
     "shell.execute_reply": "2023-12-19T10:34:42.039635Z",
     "shell.execute_reply.started": "2023-12-19T10:34:42.012158Z"
    }
   },
   "outputs": [],
   "source": [
    "# predict heart disease project"
   ]
  },
  {
   "cell_type": "code",
   "execution_count": 22,
   "metadata": {
    "execution": {
     "iopub.execute_input": "2023-12-19T10:45:59.555614Z",
     "iopub.status.busy": "2023-12-19T10:45:59.555245Z",
     "iopub.status.idle": "2023-12-19T10:46:12.507100Z",
     "shell.execute_reply": "2023-12-19T10:46:12.505801Z",
     "shell.execute_reply.started": "2023-12-19T10:45:59.555584Z"
    }
   },
   "outputs": [],
   "source": [
    "#libraries\n",
    "import pandas as pd\n",
    "import tensorflow as tf\n",
    "from sklearn.model_selection import train_test_split\n",
    "from sklearn.metrics import accuracy_score\n",
    "from sklearn.preprocessing import StandardScaler\n",
    "from tensorflow.keras import layers, models\n",
    "from sklearn.model_selection import train_test_split\n",
    "from tensorflow.keras.models import Sequential\n",
    "from tensorflow.keras.layers import Conv2D, MaxPooling2D, Flatten, Dense\n",
    "import joblib\n",
    "import warnings\n",
    "\n",
    "warnings.filterwarnings(\"ignore\")"
   ]
  },
  {
   "cell_type": "code",
   "execution_count": 3,
   "metadata": {
    "execution": {
     "iopub.execute_input": "2023-12-19T10:36:19.091920Z",
     "iopub.status.busy": "2023-12-19T10:36:19.091539Z",
     "iopub.status.idle": "2023-12-19T10:36:19.130546Z",
     "shell.execute_reply": "2023-12-19T10:36:19.129213Z",
     "shell.execute_reply.started": "2023-12-19T10:36:19.091890Z"
    }
   },
   "outputs": [],
   "source": [
    "#read data\n",
    "df=pd.read_csv(\"/kaggle/input/heart-disease-prediction-using-logistic-regression/framingham.csv\")"
   ]
  },
  {
   "cell_type": "code",
   "execution_count": 4,
   "metadata": {
    "execution": {
     "iopub.execute_input": "2023-12-19T10:36:41.131848Z",
     "iopub.status.busy": "2023-12-19T10:36:41.131405Z",
     "iopub.status.idle": "2023-12-19T10:36:41.155393Z",
     "shell.execute_reply": "2023-12-19T10:36:41.154753Z",
     "shell.execute_reply.started": "2023-12-19T10:36:41.131811Z"
    }
   },
   "outputs": [
    {
     "data": {
      "text/html": [
       "<div>\n",
       "<style scoped>\n",
       "    .dataframe tbody tr th:only-of-type {\n",
       "        vertical-align: middle;\n",
       "    }\n",
       "\n",
       "    .dataframe tbody tr th {\n",
       "        vertical-align: top;\n",
       "    }\n",
       "\n",
       "    .dataframe thead th {\n",
       "        text-align: right;\n",
       "    }\n",
       "</style>\n",
       "<table border=\"1\" class=\"dataframe\">\n",
       "  <thead>\n",
       "    <tr style=\"text-align: right;\">\n",
       "      <th></th>\n",
       "      <th>male</th>\n",
       "      <th>age</th>\n",
       "      <th>education</th>\n",
       "      <th>currentSmoker</th>\n",
       "      <th>cigsPerDay</th>\n",
       "      <th>BPMeds</th>\n",
       "      <th>prevalentStroke</th>\n",
       "      <th>prevalentHyp</th>\n",
       "      <th>diabetes</th>\n",
       "      <th>totChol</th>\n",
       "      <th>sysBP</th>\n",
       "      <th>diaBP</th>\n",
       "      <th>BMI</th>\n",
       "      <th>heartRate</th>\n",
       "      <th>glucose</th>\n",
       "      <th>TenYearCHD</th>\n",
       "    </tr>\n",
       "  </thead>\n",
       "  <tbody>\n",
       "    <tr>\n",
       "      <th>0</th>\n",
       "      <td>1</td>\n",
       "      <td>39</td>\n",
       "      <td>4.0</td>\n",
       "      <td>0</td>\n",
       "      <td>0.0</td>\n",
       "      <td>0.0</td>\n",
       "      <td>0</td>\n",
       "      <td>0</td>\n",
       "      <td>0</td>\n",
       "      <td>195.0</td>\n",
       "      <td>106.0</td>\n",
       "      <td>70.0</td>\n",
       "      <td>26.97</td>\n",
       "      <td>80.0</td>\n",
       "      <td>77.0</td>\n",
       "      <td>0</td>\n",
       "    </tr>\n",
       "    <tr>\n",
       "      <th>1</th>\n",
       "      <td>0</td>\n",
       "      <td>46</td>\n",
       "      <td>2.0</td>\n",
       "      <td>0</td>\n",
       "      <td>0.0</td>\n",
       "      <td>0.0</td>\n",
       "      <td>0</td>\n",
       "      <td>0</td>\n",
       "      <td>0</td>\n",
       "      <td>250.0</td>\n",
       "      <td>121.0</td>\n",
       "      <td>81.0</td>\n",
       "      <td>28.73</td>\n",
       "      <td>95.0</td>\n",
       "      <td>76.0</td>\n",
       "      <td>0</td>\n",
       "    </tr>\n",
       "    <tr>\n",
       "      <th>2</th>\n",
       "      <td>1</td>\n",
       "      <td>48</td>\n",
       "      <td>1.0</td>\n",
       "      <td>1</td>\n",
       "      <td>20.0</td>\n",
       "      <td>0.0</td>\n",
       "      <td>0</td>\n",
       "      <td>0</td>\n",
       "      <td>0</td>\n",
       "      <td>245.0</td>\n",
       "      <td>127.5</td>\n",
       "      <td>80.0</td>\n",
       "      <td>25.34</td>\n",
       "      <td>75.0</td>\n",
       "      <td>70.0</td>\n",
       "      <td>0</td>\n",
       "    </tr>\n",
       "    <tr>\n",
       "      <th>3</th>\n",
       "      <td>0</td>\n",
       "      <td>61</td>\n",
       "      <td>3.0</td>\n",
       "      <td>1</td>\n",
       "      <td>30.0</td>\n",
       "      <td>0.0</td>\n",
       "      <td>0</td>\n",
       "      <td>1</td>\n",
       "      <td>0</td>\n",
       "      <td>225.0</td>\n",
       "      <td>150.0</td>\n",
       "      <td>95.0</td>\n",
       "      <td>28.58</td>\n",
       "      <td>65.0</td>\n",
       "      <td>103.0</td>\n",
       "      <td>1</td>\n",
       "    </tr>\n",
       "    <tr>\n",
       "      <th>4</th>\n",
       "      <td>0</td>\n",
       "      <td>46</td>\n",
       "      <td>3.0</td>\n",
       "      <td>1</td>\n",
       "      <td>23.0</td>\n",
       "      <td>0.0</td>\n",
       "      <td>0</td>\n",
       "      <td>0</td>\n",
       "      <td>0</td>\n",
       "      <td>285.0</td>\n",
       "      <td>130.0</td>\n",
       "      <td>84.0</td>\n",
       "      <td>23.10</td>\n",
       "      <td>85.0</td>\n",
       "      <td>85.0</td>\n",
       "      <td>0</td>\n",
       "    </tr>\n",
       "  </tbody>\n",
       "</table>\n",
       "</div>"
      ],
      "text/plain": [
       "   male  age  education  currentSmoker  cigsPerDay  BPMeds  prevalentStroke  \\\n",
       "0     1   39        4.0              0         0.0     0.0                0   \n",
       "1     0   46        2.0              0         0.0     0.0                0   \n",
       "2     1   48        1.0              1        20.0     0.0                0   \n",
       "3     0   61        3.0              1        30.0     0.0                0   \n",
       "4     0   46        3.0              1        23.0     0.0                0   \n",
       "\n",
       "   prevalentHyp  diabetes  totChol  sysBP  diaBP    BMI  heartRate  glucose  \\\n",
       "0             0         0    195.0  106.0   70.0  26.97       80.0     77.0   \n",
       "1             0         0    250.0  121.0   81.0  28.73       95.0     76.0   \n",
       "2             0         0    245.0  127.5   80.0  25.34       75.0     70.0   \n",
       "3             1         0    225.0  150.0   95.0  28.58       65.0    103.0   \n",
       "4             0         0    285.0  130.0   84.0  23.10       85.0     85.0   \n",
       "\n",
       "   TenYearCHD  \n",
       "0           0  \n",
       "1           0  \n",
       "2           0  \n",
       "3           1  \n",
       "4           0  "
      ]
     },
     "execution_count": 4,
     "metadata": {},
     "output_type": "execute_result"
    }
   ],
   "source": [
    "#EDA\n",
    "df.head()"
   ]
  },
  {
   "cell_type": "code",
   "execution_count": 5,
   "metadata": {
    "execution": {
     "iopub.execute_input": "2023-12-19T10:38:43.770926Z",
     "iopub.status.busy": "2023-12-19T10:38:43.770583Z",
     "iopub.status.idle": "2023-12-19T10:38:43.777516Z",
     "shell.execute_reply": "2023-12-19T10:38:43.776243Z",
     "shell.execute_reply.started": "2023-12-19T10:38:43.770902Z"
    }
   },
   "outputs": [
    {
     "data": {
      "text/plain": [
       "(4238, 16)"
      ]
     },
     "execution_count": 5,
     "metadata": {},
     "output_type": "execute_result"
    }
   ],
   "source": [
    "df.shape"
   ]
  },
  {
   "cell_type": "code",
   "execution_count": 6,
   "metadata": {
    "execution": {
     "iopub.execute_input": "2023-12-19T10:38:50.219639Z",
     "iopub.status.busy": "2023-12-19T10:38:50.219272Z",
     "iopub.status.idle": "2023-12-19T10:38:50.245067Z",
     "shell.execute_reply": "2023-12-19T10:38:50.244200Z",
     "shell.execute_reply.started": "2023-12-19T10:38:50.219609Z"
    }
   },
   "outputs": [
    {
     "name": "stdout",
     "output_type": "stream",
     "text": [
      "<class 'pandas.core.frame.DataFrame'>\n",
      "RangeIndex: 4238 entries, 0 to 4237\n",
      "Data columns (total 16 columns):\n",
      " #   Column           Non-Null Count  Dtype  \n",
      "---  ------           --------------  -----  \n",
      " 0   male             4238 non-null   int64  \n",
      " 1   age              4238 non-null   int64  \n",
      " 2   education        4133 non-null   float64\n",
      " 3   currentSmoker    4238 non-null   int64  \n",
      " 4   cigsPerDay       4209 non-null   float64\n",
      " 5   BPMeds           4185 non-null   float64\n",
      " 6   prevalentStroke  4238 non-null   int64  \n",
      " 7   prevalentHyp     4238 non-null   int64  \n",
      " 8   diabetes         4238 non-null   int64  \n",
      " 9   totChol          4188 non-null   float64\n",
      " 10  sysBP            4238 non-null   float64\n",
      " 11  diaBP            4238 non-null   float64\n",
      " 12  BMI              4219 non-null   float64\n",
      " 13  heartRate        4237 non-null   float64\n",
      " 14  glucose          3850 non-null   float64\n",
      " 15  TenYearCHD       4238 non-null   int64  \n",
      "dtypes: float64(9), int64(7)\n",
      "memory usage: 529.9 KB\n"
     ]
    }
   ],
   "source": [
    "df.info()"
   ]
  },
  {
   "cell_type": "code",
   "execution_count": 9,
   "metadata": {
    "execution": {
     "iopub.execute_input": "2023-12-19T10:39:04.318029Z",
     "iopub.status.busy": "2023-12-19T10:39:04.317664Z",
     "iopub.status.idle": "2023-12-19T10:39:04.326249Z",
     "shell.execute_reply": "2023-12-19T10:39:04.324868Z",
     "shell.execute_reply.started": "2023-12-19T10:39:04.318001Z"
    }
   },
   "outputs": [
    {
     "data": {
      "text/plain": [
       "male                 0\n",
       "age                  0\n",
       "education          105\n",
       "currentSmoker        0\n",
       "cigsPerDay          29\n",
       "BPMeds              53\n",
       "prevalentStroke      0\n",
       "prevalentHyp         0\n",
       "diabetes             0\n",
       "totChol             50\n",
       "sysBP                0\n",
       "diaBP                0\n",
       "BMI                 19\n",
       "heartRate            1\n",
       "glucose            388\n",
       "TenYearCHD           0\n",
       "dtype: int64"
      ]
     },
     "execution_count": 9,
     "metadata": {},
     "output_type": "execute_result"
    }
   ],
   "source": [
    "df.isnull().sum()"
   ]
  },
  {
   "cell_type": "code",
   "execution_count": 10,
   "metadata": {
    "execution": {
     "iopub.execute_input": "2023-12-19T10:40:44.408721Z",
     "iopub.status.busy": "2023-12-19T10:40:44.408368Z",
     "iopub.status.idle": "2023-12-19T10:40:44.431876Z",
     "shell.execute_reply": "2023-12-19T10:40:44.430309Z",
     "shell.execute_reply.started": "2023-12-19T10:40:44.408680Z"
    }
   },
   "outputs": [],
   "source": [
    "def auto_fill_missing_values(df, exclude_columns=None):\n",
    "    \"\"\"\n",
    "    Automatically fill missing values in a DataFrame, excluding specified columns.\n",
    "    \"\"\"\n",
    "    # Separate columns by data type\n",
    "    numerical_columns = df.select_dtypes(include='number').columns\n",
    "    categorical_columns = df.select_dtypes(exclude='number').columns\n",
    "\n",
    "    # Exclude specified columns\n",
    "    if exclude_columns:\n",
    "        numerical_columns = numerical_columns.difference(exclude_columns)\n",
    "        categorical_columns = categorical_columns.difference(exclude_columns)\n",
    "\n",
    "    # Fill missing values for numerical columns with the mean\n",
    "    df[numerical_columns] = df[numerical_columns].fillna(df[numerical_columns].mean())\n",
    "\n",
    "    # Fill missing values for categorical columns with the mode\n",
    "    df[categorical_columns] = df[categorical_columns].apply(lambda x: x.fillna(x.mode().iloc[0]))\n",
    "\n",
    "    return df\n",
    "\n",
    "# Example usage: Exclude columns 'column1' and 'column2'\n",
    "df = auto_fill_missing_values(df)\n",
    "#belong to chatgpt"
   ]
  },
  {
   "cell_type": "code",
   "execution_count": 11,
   "metadata": {
    "execution": {
     "iopub.execute_input": "2023-12-19T10:40:52.689942Z",
     "iopub.status.busy": "2023-12-19T10:40:52.689575Z",
     "iopub.status.idle": "2023-12-19T10:40:52.700722Z",
     "shell.execute_reply": "2023-12-19T10:40:52.699758Z",
     "shell.execute_reply.started": "2023-12-19T10:40:52.689916Z"
    }
   },
   "outputs": [
    {
     "data": {
      "text/plain": [
       "male               0\n",
       "age                0\n",
       "education          0\n",
       "currentSmoker      0\n",
       "cigsPerDay         0\n",
       "BPMeds             0\n",
       "prevalentStroke    0\n",
       "prevalentHyp       0\n",
       "diabetes           0\n",
       "totChol            0\n",
       "sysBP              0\n",
       "diaBP              0\n",
       "BMI                0\n",
       "heartRate          0\n",
       "glucose            0\n",
       "TenYearCHD         0\n",
       "dtype: int64"
      ]
     },
     "execution_count": 11,
     "metadata": {},
     "output_type": "execute_result"
    }
   ],
   "source": [
    "df.isnull().sum()"
   ]
  },
  {
   "cell_type": "code",
   "execution_count": 13,
   "metadata": {
    "execution": {
     "iopub.execute_input": "2023-12-19T10:41:04.092977Z",
     "iopub.status.busy": "2023-12-19T10:41:04.092622Z",
     "iopub.status.idle": "2023-12-19T10:41:04.128390Z",
     "shell.execute_reply": "2023-12-19T10:41:04.127354Z",
     "shell.execute_reply.started": "2023-12-19T10:41:04.092953Z"
    }
   },
   "outputs": [
    {
     "data": {
      "text/html": [
       "<div>\n",
       "<style scoped>\n",
       "    .dataframe tbody tr th:only-of-type {\n",
       "        vertical-align: middle;\n",
       "    }\n",
       "\n",
       "    .dataframe tbody tr th {\n",
       "        vertical-align: top;\n",
       "    }\n",
       "\n",
       "    .dataframe thead th {\n",
       "        text-align: right;\n",
       "    }\n",
       "</style>\n",
       "<table border=\"1\" class=\"dataframe\">\n",
       "  <thead>\n",
       "    <tr style=\"text-align: right;\">\n",
       "      <th></th>\n",
       "      <th>male</th>\n",
       "      <th>age</th>\n",
       "      <th>education</th>\n",
       "      <th>currentSmoker</th>\n",
       "      <th>cigsPerDay</th>\n",
       "      <th>BPMeds</th>\n",
       "      <th>prevalentStroke</th>\n",
       "      <th>prevalentHyp</th>\n",
       "      <th>diabetes</th>\n",
       "      <th>totChol</th>\n",
       "      <th>sysBP</th>\n",
       "      <th>diaBP</th>\n",
       "      <th>BMI</th>\n",
       "      <th>heartRate</th>\n",
       "      <th>glucose</th>\n",
       "      <th>TenYearCHD</th>\n",
       "    </tr>\n",
       "  </thead>\n",
       "  <tbody>\n",
       "    <tr>\n",
       "      <th>male</th>\n",
       "      <td>1.000000</td>\n",
       "      <td>-0.028979</td>\n",
       "      <td>0.017126</td>\n",
       "      <td>0.197596</td>\n",
       "      <td>0.316807</td>\n",
       "      <td>-0.052204</td>\n",
       "      <td>-0.004546</td>\n",
       "      <td>0.005313</td>\n",
       "      <td>0.015708</td>\n",
       "      <td>-0.069974</td>\n",
       "      <td>-0.035989</td>\n",
       "      <td>0.057933</td>\n",
       "      <td>0.081506</td>\n",
       "      <td>-0.116601</td>\n",
       "      <td>0.005818</td>\n",
       "      <td>0.088428</td>\n",
       "    </tr>\n",
       "    <tr>\n",
       "      <th>age</th>\n",
       "      <td>-0.028979</td>\n",
       "      <td>1.000000</td>\n",
       "      <td>-0.163613</td>\n",
       "      <td>-0.213748</td>\n",
       "      <td>-0.192366</td>\n",
       "      <td>0.121980</td>\n",
       "      <td>0.057655</td>\n",
       "      <td>0.307194</td>\n",
       "      <td>0.101258</td>\n",
       "      <td>0.260270</td>\n",
       "      <td>0.394302</td>\n",
       "      <td>0.206104</td>\n",
       "      <td>0.135283</td>\n",
       "      <td>-0.012819</td>\n",
       "      <td>0.116850</td>\n",
       "      <td>0.225256</td>\n",
       "    </tr>\n",
       "    <tr>\n",
       "      <th>education</th>\n",
       "      <td>0.017126</td>\n",
       "      <td>-0.163613</td>\n",
       "      <td>1.000000</td>\n",
       "      <td>0.018301</td>\n",
       "      <td>0.007962</td>\n",
       "      <td>-0.010607</td>\n",
       "      <td>-0.035110</td>\n",
       "      <td>-0.080993</td>\n",
       "      <td>-0.038146</td>\n",
       "      <td>-0.022507</td>\n",
       "      <td>-0.128260</td>\n",
       "      <td>-0.061755</td>\n",
       "      <td>-0.135635</td>\n",
       "      <td>-0.053626</td>\n",
       "      <td>-0.033721</td>\n",
       "      <td>-0.053384</td>\n",
       "    </tr>\n",
       "    <tr>\n",
       "      <th>currentSmoker</th>\n",
       "      <td>0.197596</td>\n",
       "      <td>-0.213748</td>\n",
       "      <td>0.018301</td>\n",
       "      <td>1.000000</td>\n",
       "      <td>0.766970</td>\n",
       "      <td>-0.048632</td>\n",
       "      <td>-0.032988</td>\n",
       "      <td>-0.103260</td>\n",
       "      <td>-0.044295</td>\n",
       "      <td>-0.046285</td>\n",
       "      <td>-0.130230</td>\n",
       "      <td>-0.107746</td>\n",
       "      <td>-0.167276</td>\n",
       "      <td>0.062348</td>\n",
       "      <td>-0.054157</td>\n",
       "      <td>0.019456</td>\n",
       "    </tr>\n",
       "    <tr>\n",
       "      <th>cigsPerDay</th>\n",
       "      <td>0.316807</td>\n",
       "      <td>-0.192366</td>\n",
       "      <td>0.007962</td>\n",
       "      <td>0.766970</td>\n",
       "      <td>1.000000</td>\n",
       "      <td>-0.045826</td>\n",
       "      <td>-0.032706</td>\n",
       "      <td>-0.065947</td>\n",
       "      <td>-0.037063</td>\n",
       "      <td>-0.026025</td>\n",
       "      <td>-0.088505</td>\n",
       "      <td>-0.056391</td>\n",
       "      <td>-0.092453</td>\n",
       "      <td>0.074851</td>\n",
       "      <td>-0.056088</td>\n",
       "      <td>0.057775</td>\n",
       "    </tr>\n",
       "    <tr>\n",
       "      <th>BPMeds</th>\n",
       "      <td>-0.052204</td>\n",
       "      <td>0.121980</td>\n",
       "      <td>-0.010607</td>\n",
       "      <td>-0.048632</td>\n",
       "      <td>-0.045826</td>\n",
       "      <td>1.000000</td>\n",
       "      <td>0.115003</td>\n",
       "      <td>0.259243</td>\n",
       "      <td>0.051571</td>\n",
       "      <td>0.078909</td>\n",
       "      <td>0.252047</td>\n",
       "      <td>0.192490</td>\n",
       "      <td>0.099552</td>\n",
       "      <td>0.015175</td>\n",
       "      <td>0.048905</td>\n",
       "      <td>0.086774</td>\n",
       "    </tr>\n",
       "    <tr>\n",
       "      <th>prevalentStroke</th>\n",
       "      <td>-0.004546</td>\n",
       "      <td>0.057655</td>\n",
       "      <td>-0.035110</td>\n",
       "      <td>-0.032988</td>\n",
       "      <td>-0.032706</td>\n",
       "      <td>0.115003</td>\n",
       "      <td>1.000000</td>\n",
       "      <td>0.074830</td>\n",
       "      <td>0.006949</td>\n",
       "      <td>0.000067</td>\n",
       "      <td>0.057009</td>\n",
       "      <td>0.045190</td>\n",
       "      <td>0.024840</td>\n",
       "      <td>-0.017676</td>\n",
       "      <td>0.018055</td>\n",
       "      <td>0.061810</td>\n",
       "    </tr>\n",
       "    <tr>\n",
       "      <th>prevalentHyp</th>\n",
       "      <td>0.005313</td>\n",
       "      <td>0.307194</td>\n",
       "      <td>-0.080993</td>\n",
       "      <td>-0.103260</td>\n",
       "      <td>-0.065947</td>\n",
       "      <td>0.259243</td>\n",
       "      <td>0.074830</td>\n",
       "      <td>1.000000</td>\n",
       "      <td>0.077808</td>\n",
       "      <td>0.163041</td>\n",
       "      <td>0.696755</td>\n",
       "      <td>0.615751</td>\n",
       "      <td>0.300572</td>\n",
       "      <td>0.147222</td>\n",
       "      <td>0.082924</td>\n",
       "      <td>0.177603</td>\n",
       "    </tr>\n",
       "    <tr>\n",
       "      <th>diabetes</th>\n",
       "      <td>0.015708</td>\n",
       "      <td>0.101258</td>\n",
       "      <td>-0.038146</td>\n",
       "      <td>-0.044295</td>\n",
       "      <td>-0.037063</td>\n",
       "      <td>0.051571</td>\n",
       "      <td>0.006949</td>\n",
       "      <td>0.077808</td>\n",
       "      <td>1.000000</td>\n",
       "      <td>0.040092</td>\n",
       "      <td>0.111283</td>\n",
       "      <td>0.050329</td>\n",
       "      <td>0.086250</td>\n",
       "      <td>0.048993</td>\n",
       "      <td>0.605705</td>\n",
       "      <td>0.097317</td>\n",
       "    </tr>\n",
       "    <tr>\n",
       "      <th>totChol</th>\n",
       "      <td>-0.069974</td>\n",
       "      <td>0.260270</td>\n",
       "      <td>-0.022507</td>\n",
       "      <td>-0.046285</td>\n",
       "      <td>-0.026025</td>\n",
       "      <td>0.078909</td>\n",
       "      <td>0.000067</td>\n",
       "      <td>0.163041</td>\n",
       "      <td>0.040092</td>\n",
       "      <td>1.000000</td>\n",
       "      <td>0.207609</td>\n",
       "      <td>0.163903</td>\n",
       "      <td>0.114789</td>\n",
       "      <td>0.090676</td>\n",
       "      <td>0.044583</td>\n",
       "      <td>0.081624</td>\n",
       "    </tr>\n",
       "    <tr>\n",
       "      <th>sysBP</th>\n",
       "      <td>-0.035989</td>\n",
       "      <td>0.394302</td>\n",
       "      <td>-0.128260</td>\n",
       "      <td>-0.130230</td>\n",
       "      <td>-0.088505</td>\n",
       "      <td>0.252047</td>\n",
       "      <td>0.057009</td>\n",
       "      <td>0.696755</td>\n",
       "      <td>0.111283</td>\n",
       "      <td>0.207609</td>\n",
       "      <td>1.000000</td>\n",
       "      <td>0.784002</td>\n",
       "      <td>0.325247</td>\n",
       "      <td>0.182174</td>\n",
       "      <td>0.134608</td>\n",
       "      <td>0.216429</td>\n",
       "    </tr>\n",
       "    <tr>\n",
       "      <th>diaBP</th>\n",
       "      <td>0.057933</td>\n",
       "      <td>0.206104</td>\n",
       "      <td>-0.061755</td>\n",
       "      <td>-0.107746</td>\n",
       "      <td>-0.056391</td>\n",
       "      <td>0.192490</td>\n",
       "      <td>0.045190</td>\n",
       "      <td>0.615751</td>\n",
       "      <td>0.050329</td>\n",
       "      <td>0.163903</td>\n",
       "      <td>0.784002</td>\n",
       "      <td>1.000000</td>\n",
       "      <td>0.376544</td>\n",
       "      <td>0.181246</td>\n",
       "      <td>0.058647</td>\n",
       "      <td>0.145299</td>\n",
       "    </tr>\n",
       "    <tr>\n",
       "      <th>BMI</th>\n",
       "      <td>0.081506</td>\n",
       "      <td>0.135283</td>\n",
       "      <td>-0.135635</td>\n",
       "      <td>-0.167276</td>\n",
       "      <td>-0.092453</td>\n",
       "      <td>0.099552</td>\n",
       "      <td>0.024840</td>\n",
       "      <td>0.300572</td>\n",
       "      <td>0.086250</td>\n",
       "      <td>0.114789</td>\n",
       "      <td>0.325247</td>\n",
       "      <td>0.376544</td>\n",
       "      <td>1.000000</td>\n",
       "      <td>0.067544</td>\n",
       "      <td>0.082109</td>\n",
       "      <td>0.074680</td>\n",
       "    </tr>\n",
       "    <tr>\n",
       "      <th>heartRate</th>\n",
       "      <td>-0.116601</td>\n",
       "      <td>-0.012819</td>\n",
       "      <td>-0.053626</td>\n",
       "      <td>0.062348</td>\n",
       "      <td>0.074851</td>\n",
       "      <td>0.015175</td>\n",
       "      <td>-0.017676</td>\n",
       "      <td>0.147222</td>\n",
       "      <td>0.048993</td>\n",
       "      <td>0.090676</td>\n",
       "      <td>0.182174</td>\n",
       "      <td>0.181246</td>\n",
       "      <td>0.067544</td>\n",
       "      <td>1.000000</td>\n",
       "      <td>0.089341</td>\n",
       "      <td>0.022898</td>\n",
       "    </tr>\n",
       "    <tr>\n",
       "      <th>glucose</th>\n",
       "      <td>0.005818</td>\n",
       "      <td>0.116850</td>\n",
       "      <td>-0.033721</td>\n",
       "      <td>-0.054157</td>\n",
       "      <td>-0.056088</td>\n",
       "      <td>0.048905</td>\n",
       "      <td>0.018055</td>\n",
       "      <td>0.082924</td>\n",
       "      <td>0.605705</td>\n",
       "      <td>0.044583</td>\n",
       "      <td>0.134608</td>\n",
       "      <td>0.058647</td>\n",
       "      <td>0.082109</td>\n",
       "      <td>0.089341</td>\n",
       "      <td>1.000000</td>\n",
       "      <td>0.120406</td>\n",
       "    </tr>\n",
       "    <tr>\n",
       "      <th>TenYearCHD</th>\n",
       "      <td>0.088428</td>\n",
       "      <td>0.225256</td>\n",
       "      <td>-0.053384</td>\n",
       "      <td>0.019456</td>\n",
       "      <td>0.057775</td>\n",
       "      <td>0.086774</td>\n",
       "      <td>0.061810</td>\n",
       "      <td>0.177603</td>\n",
       "      <td>0.097317</td>\n",
       "      <td>0.081624</td>\n",
       "      <td>0.216429</td>\n",
       "      <td>0.145299</td>\n",
       "      <td>0.074680</td>\n",
       "      <td>0.022898</td>\n",
       "      <td>0.120406</td>\n",
       "      <td>1.000000</td>\n",
       "    </tr>\n",
       "  </tbody>\n",
       "</table>\n",
       "</div>"
      ],
      "text/plain": [
       "                     male       age  education  currentSmoker  cigsPerDay  \\\n",
       "male             1.000000 -0.028979   0.017126       0.197596    0.316807   \n",
       "age             -0.028979  1.000000  -0.163613      -0.213748   -0.192366   \n",
       "education        0.017126 -0.163613   1.000000       0.018301    0.007962   \n",
       "currentSmoker    0.197596 -0.213748   0.018301       1.000000    0.766970   \n",
       "cigsPerDay       0.316807 -0.192366   0.007962       0.766970    1.000000   \n",
       "BPMeds          -0.052204  0.121980  -0.010607      -0.048632   -0.045826   \n",
       "prevalentStroke -0.004546  0.057655  -0.035110      -0.032988   -0.032706   \n",
       "prevalentHyp     0.005313  0.307194  -0.080993      -0.103260   -0.065947   \n",
       "diabetes         0.015708  0.101258  -0.038146      -0.044295   -0.037063   \n",
       "totChol         -0.069974  0.260270  -0.022507      -0.046285   -0.026025   \n",
       "sysBP           -0.035989  0.394302  -0.128260      -0.130230   -0.088505   \n",
       "diaBP            0.057933  0.206104  -0.061755      -0.107746   -0.056391   \n",
       "BMI              0.081506  0.135283  -0.135635      -0.167276   -0.092453   \n",
       "heartRate       -0.116601 -0.012819  -0.053626       0.062348    0.074851   \n",
       "glucose          0.005818  0.116850  -0.033721      -0.054157   -0.056088   \n",
       "TenYearCHD       0.088428  0.225256  -0.053384       0.019456    0.057775   \n",
       "\n",
       "                   BPMeds  prevalentStroke  prevalentHyp  diabetes   totChol  \\\n",
       "male            -0.052204        -0.004546      0.005313  0.015708 -0.069974   \n",
       "age              0.121980         0.057655      0.307194  0.101258  0.260270   \n",
       "education       -0.010607        -0.035110     -0.080993 -0.038146 -0.022507   \n",
       "currentSmoker   -0.048632        -0.032988     -0.103260 -0.044295 -0.046285   \n",
       "cigsPerDay      -0.045826        -0.032706     -0.065947 -0.037063 -0.026025   \n",
       "BPMeds           1.000000         0.115003      0.259243  0.051571  0.078909   \n",
       "prevalentStroke  0.115003         1.000000      0.074830  0.006949  0.000067   \n",
       "prevalentHyp     0.259243         0.074830      1.000000  0.077808  0.163041   \n",
       "diabetes         0.051571         0.006949      0.077808  1.000000  0.040092   \n",
       "totChol          0.078909         0.000067      0.163041  0.040092  1.000000   \n",
       "sysBP            0.252047         0.057009      0.696755  0.111283  0.207609   \n",
       "diaBP            0.192490         0.045190      0.615751  0.050329  0.163903   \n",
       "BMI              0.099552         0.024840      0.300572  0.086250  0.114789   \n",
       "heartRate        0.015175        -0.017676      0.147222  0.048993  0.090676   \n",
       "glucose          0.048905         0.018055      0.082924  0.605705  0.044583   \n",
       "TenYearCHD       0.086774         0.061810      0.177603  0.097317  0.081624   \n",
       "\n",
       "                    sysBP     diaBP       BMI  heartRate   glucose  TenYearCHD  \n",
       "male            -0.035989  0.057933  0.081506  -0.116601  0.005818    0.088428  \n",
       "age              0.394302  0.206104  0.135283  -0.012819  0.116850    0.225256  \n",
       "education       -0.128260 -0.061755 -0.135635  -0.053626 -0.033721   -0.053384  \n",
       "currentSmoker   -0.130230 -0.107746 -0.167276   0.062348 -0.054157    0.019456  \n",
       "cigsPerDay      -0.088505 -0.056391 -0.092453   0.074851 -0.056088    0.057775  \n",
       "BPMeds           0.252047  0.192490  0.099552   0.015175  0.048905    0.086774  \n",
       "prevalentStroke  0.057009  0.045190  0.024840  -0.017676  0.018055    0.061810  \n",
       "prevalentHyp     0.696755  0.615751  0.300572   0.147222  0.082924    0.177603  \n",
       "diabetes         0.111283  0.050329  0.086250   0.048993  0.605705    0.097317  \n",
       "totChol          0.207609  0.163903  0.114789   0.090676  0.044583    0.081624  \n",
       "sysBP            1.000000  0.784002  0.325247   0.182174  0.134608    0.216429  \n",
       "diaBP            0.784002  1.000000  0.376544   0.181246  0.058647    0.145299  \n",
       "BMI              0.325247  0.376544  1.000000   0.067544  0.082109    0.074680  \n",
       "heartRate        0.182174  0.181246  0.067544   1.000000  0.089341    0.022898  \n",
       "glucose          0.134608  0.058647  0.082109   0.089341  1.000000    0.120406  \n",
       "TenYearCHD       0.216429  0.145299  0.074680   0.022898  0.120406    1.000000  "
      ]
     },
     "execution_count": 13,
     "metadata": {},
     "output_type": "execute_result"
    }
   ],
   "source": [
    "df.corr()"
   ]
  },
  {
   "cell_type": "code",
   "execution_count": 15,
   "metadata": {
    "execution": {
     "iopub.execute_input": "2023-12-19T10:41:17.827999Z",
     "iopub.status.busy": "2023-12-19T10:41:17.827652Z",
     "iopub.status.idle": "2023-12-19T10:41:17.874591Z",
     "shell.execute_reply": "2023-12-19T10:41:17.873755Z",
     "shell.execute_reply.started": "2023-12-19T10:41:17.827973Z"
    }
   },
   "outputs": [
    {
     "data": {
      "text/html": [
       "<div>\n",
       "<style scoped>\n",
       "    .dataframe tbody tr th:only-of-type {\n",
       "        vertical-align: middle;\n",
       "    }\n",
       "\n",
       "    .dataframe tbody tr th {\n",
       "        vertical-align: top;\n",
       "    }\n",
       "\n",
       "    .dataframe thead th {\n",
       "        text-align: right;\n",
       "    }\n",
       "</style>\n",
       "<table border=\"1\" class=\"dataframe\">\n",
       "  <thead>\n",
       "    <tr style=\"text-align: right;\">\n",
       "      <th></th>\n",
       "      <th>count</th>\n",
       "      <th>mean</th>\n",
       "      <th>std</th>\n",
       "      <th>min</th>\n",
       "      <th>25%</th>\n",
       "      <th>50%</th>\n",
       "      <th>75%</th>\n",
       "      <th>max</th>\n",
       "    </tr>\n",
       "  </thead>\n",
       "  <tbody>\n",
       "    <tr>\n",
       "      <th>male</th>\n",
       "      <td>4238.0</td>\n",
       "      <td>0.429212</td>\n",
       "      <td>0.495022</td>\n",
       "      <td>0.00</td>\n",
       "      <td>0.00</td>\n",
       "      <td>0.00</td>\n",
       "      <td>1.0000</td>\n",
       "      <td>1.0</td>\n",
       "    </tr>\n",
       "    <tr>\n",
       "      <th>age</th>\n",
       "      <td>4238.0</td>\n",
       "      <td>49.584946</td>\n",
       "      <td>8.572160</td>\n",
       "      <td>32.00</td>\n",
       "      <td>42.00</td>\n",
       "      <td>49.00</td>\n",
       "      <td>56.0000</td>\n",
       "      <td>70.0</td>\n",
       "    </tr>\n",
       "    <tr>\n",
       "      <th>education</th>\n",
       "      <td>4238.0</td>\n",
       "      <td>1.978950</td>\n",
       "      <td>1.007075</td>\n",
       "      <td>1.00</td>\n",
       "      <td>1.00</td>\n",
       "      <td>2.00</td>\n",
       "      <td>3.0000</td>\n",
       "      <td>4.0</td>\n",
       "    </tr>\n",
       "    <tr>\n",
       "      <th>currentSmoker</th>\n",
       "      <td>4238.0</td>\n",
       "      <td>0.494101</td>\n",
       "      <td>0.500024</td>\n",
       "      <td>0.00</td>\n",
       "      <td>0.00</td>\n",
       "      <td>0.00</td>\n",
       "      <td>1.0000</td>\n",
       "      <td>1.0</td>\n",
       "    </tr>\n",
       "    <tr>\n",
       "      <th>cigsPerDay</th>\n",
       "      <td>4238.0</td>\n",
       "      <td>9.003089</td>\n",
       "      <td>11.879230</td>\n",
       "      <td>0.00</td>\n",
       "      <td>0.00</td>\n",
       "      <td>0.00</td>\n",
       "      <td>20.0000</td>\n",
       "      <td>70.0</td>\n",
       "    </tr>\n",
       "    <tr>\n",
       "      <th>BPMeds</th>\n",
       "      <td>4238.0</td>\n",
       "      <td>0.029630</td>\n",
       "      <td>0.168520</td>\n",
       "      <td>0.00</td>\n",
       "      <td>0.00</td>\n",
       "      <td>0.00</td>\n",
       "      <td>0.0000</td>\n",
       "      <td>1.0</td>\n",
       "    </tr>\n",
       "    <tr>\n",
       "      <th>prevalentStroke</th>\n",
       "      <td>4238.0</td>\n",
       "      <td>0.005899</td>\n",
       "      <td>0.076587</td>\n",
       "      <td>0.00</td>\n",
       "      <td>0.00</td>\n",
       "      <td>0.00</td>\n",
       "      <td>0.0000</td>\n",
       "      <td>1.0</td>\n",
       "    </tr>\n",
       "    <tr>\n",
       "      <th>prevalentHyp</th>\n",
       "      <td>4238.0</td>\n",
       "      <td>0.310524</td>\n",
       "      <td>0.462763</td>\n",
       "      <td>0.00</td>\n",
       "      <td>0.00</td>\n",
       "      <td>0.00</td>\n",
       "      <td>1.0000</td>\n",
       "      <td>1.0</td>\n",
       "    </tr>\n",
       "    <tr>\n",
       "      <th>diabetes</th>\n",
       "      <td>4238.0</td>\n",
       "      <td>0.025720</td>\n",
       "      <td>0.158316</td>\n",
       "      <td>0.00</td>\n",
       "      <td>0.00</td>\n",
       "      <td>0.00</td>\n",
       "      <td>0.0000</td>\n",
       "      <td>1.0</td>\n",
       "    </tr>\n",
       "    <tr>\n",
       "      <th>totChol</th>\n",
       "      <td>4238.0</td>\n",
       "      <td>236.721585</td>\n",
       "      <td>44.326453</td>\n",
       "      <td>107.00</td>\n",
       "      <td>206.00</td>\n",
       "      <td>234.00</td>\n",
       "      <td>262.0000</td>\n",
       "      <td>696.0</td>\n",
       "    </tr>\n",
       "    <tr>\n",
       "      <th>sysBP</th>\n",
       "      <td>4238.0</td>\n",
       "      <td>132.352407</td>\n",
       "      <td>22.038097</td>\n",
       "      <td>83.50</td>\n",
       "      <td>117.00</td>\n",
       "      <td>128.00</td>\n",
       "      <td>144.0000</td>\n",
       "      <td>295.0</td>\n",
       "    </tr>\n",
       "    <tr>\n",
       "      <th>diaBP</th>\n",
       "      <td>4238.0</td>\n",
       "      <td>82.893464</td>\n",
       "      <td>11.910850</td>\n",
       "      <td>48.00</td>\n",
       "      <td>75.00</td>\n",
       "      <td>82.00</td>\n",
       "      <td>89.8750</td>\n",
       "      <td>142.5</td>\n",
       "    </tr>\n",
       "    <tr>\n",
       "      <th>BMI</th>\n",
       "      <td>4238.0</td>\n",
       "      <td>25.802008</td>\n",
       "      <td>4.070953</td>\n",
       "      <td>15.54</td>\n",
       "      <td>23.08</td>\n",
       "      <td>25.41</td>\n",
       "      <td>28.0375</td>\n",
       "      <td>56.8</td>\n",
       "    </tr>\n",
       "    <tr>\n",
       "      <th>heartRate</th>\n",
       "      <td>4238.0</td>\n",
       "      <td>75.878924</td>\n",
       "      <td>12.025177</td>\n",
       "      <td>44.00</td>\n",
       "      <td>68.00</td>\n",
       "      <td>75.00</td>\n",
       "      <td>83.0000</td>\n",
       "      <td>143.0</td>\n",
       "    </tr>\n",
       "    <tr>\n",
       "      <th>glucose</th>\n",
       "      <td>4238.0</td>\n",
       "      <td>81.966753</td>\n",
       "      <td>22.836603</td>\n",
       "      <td>40.00</td>\n",
       "      <td>72.00</td>\n",
       "      <td>80.00</td>\n",
       "      <td>85.0000</td>\n",
       "      <td>394.0</td>\n",
       "    </tr>\n",
       "    <tr>\n",
       "      <th>TenYearCHD</th>\n",
       "      <td>4238.0</td>\n",
       "      <td>0.151958</td>\n",
       "      <td>0.359023</td>\n",
       "      <td>0.00</td>\n",
       "      <td>0.00</td>\n",
       "      <td>0.00</td>\n",
       "      <td>0.0000</td>\n",
       "      <td>1.0</td>\n",
       "    </tr>\n",
       "  </tbody>\n",
       "</table>\n",
       "</div>"
      ],
      "text/plain": [
       "                  count        mean        std     min     25%     50%  \\\n",
       "male             4238.0    0.429212   0.495022    0.00    0.00    0.00   \n",
       "age              4238.0   49.584946   8.572160   32.00   42.00   49.00   \n",
       "education        4238.0    1.978950   1.007075    1.00    1.00    2.00   \n",
       "currentSmoker    4238.0    0.494101   0.500024    0.00    0.00    0.00   \n",
       "cigsPerDay       4238.0    9.003089  11.879230    0.00    0.00    0.00   \n",
       "BPMeds           4238.0    0.029630   0.168520    0.00    0.00    0.00   \n",
       "prevalentStroke  4238.0    0.005899   0.076587    0.00    0.00    0.00   \n",
       "prevalentHyp     4238.0    0.310524   0.462763    0.00    0.00    0.00   \n",
       "diabetes         4238.0    0.025720   0.158316    0.00    0.00    0.00   \n",
       "totChol          4238.0  236.721585  44.326453  107.00  206.00  234.00   \n",
       "sysBP            4238.0  132.352407  22.038097   83.50  117.00  128.00   \n",
       "diaBP            4238.0   82.893464  11.910850   48.00   75.00   82.00   \n",
